       0/9    0.803G     0.105   0.05135   0.02651    0.1829         6       640   0.07423    0.1159   0.03633  0.008116   0.07948   0.05575   0.02144
       1/9    0.883G   0.07672   0.04667   0.01847    0.1419        18       640    0.6935     0.278    0.2187   0.06825   0.06695   0.03568   0.01867
       2/9    0.883G    0.0767   0.03617   0.01742    0.1303        10       640    0.6612    0.2843    0.1709   0.04243   0.07853    0.0294   0.01795
       3/9    0.883G    0.0672   0.03413   0.01584    0.1172         5       640     0.751    0.3178    0.2926   0.08872   0.05516   0.02974   0.01783
       4/9    0.883G   0.06304   0.03325   0.01676     0.113        20       640    0.7853    0.3717    0.3515    0.1603   0.04981   0.02858   0.01739
       5/9    0.883G   0.05745   0.03162   0.01569    0.1048         9       640    0.8098    0.3152    0.3681    0.1192   0.05424   0.02664   0.01658
       6/9    0.885G   0.05224   0.03166   0.01476   0.09866        29       640    0.2536    0.5677    0.4056    0.1882   0.04254   0.02774   0.01542
       7/9    0.885G   0.04882   0.02806   0.01336   0.09025        10       640      0.52    0.6542    0.6186    0.3072    0.0371     0.027   0.01416
       8/9    0.885G   0.03997   0.02924   0.01323   0.08244         6       640    0.6186    0.6291     0.637    0.2904   0.03582   0.02614   0.01249
       9/9    0.885G   0.03745   0.02909   0.01226    0.0788        18       640    0.7159    0.7158    0.7535    0.4285   0.03281   0.02601   0.01073
