      0/49    0.862G    0.1069   0.05068   0.02687    0.1844         1       640    0.0405   0.07881   0.01754  0.003856   0.08254   0.05613   0.02231
      1/49     1.06G   0.07831   0.04932   0.01911    0.1467        11       640     0.673    0.2783    0.1872   0.04717   0.06364   0.03835   0.01938
      2/49     1.06G   0.07004   0.03812   0.01742    0.1256         7       640    0.7648    0.3448    0.3298     0.135   0.05569   0.03352   0.01862
      3/49     1.06G    0.0672   0.03411   0.01624    0.1175         2       640    0.7477    0.2966    0.2917    0.1242   0.05992   0.02921   0.01845
      4/49     1.06G   0.06164   0.03333   0.01692    0.1119        17       640    0.7326     0.295     0.281    0.1013   0.05898   0.02841   0.01794
      5/49     1.06G   0.05996   0.03218   0.01584     0.108         3       640    0.8075    0.3009    0.3602    0.1624   0.05051   0.02976   0.01702
      6/49     1.06G   0.06423    0.0319   0.01541    0.1115         5       640    0.2661    0.6463    0.4018    0.1618   0.06352   0.02733   0.01614
      7/49     1.06G    0.0601   0.02844   0.01346     0.102         6       640    0.4256    0.6948    0.5795     0.209   0.04492   0.02801   0.01272
      8/49     1.06G   0.05446   0.02989   0.01191   0.09626         2       640    0.6274    0.5972    0.6174    0.2581   0.04131   0.02793   0.01142
      9/49     1.06G   0.04763   0.03059   0.01023   0.08846         8       640    0.6006    0.6966    0.6566    0.3237   0.03911   0.02692  0.008101
     10/49     1.06G   0.04733   0.02775  0.007512   0.08259        19       640    0.7104    0.6914    0.7111    0.3791   0.03697   0.02708  0.007425
     11/49     1.06G   0.04244   0.02788  0.007128   0.07744         2       640    0.7667    0.7001    0.7409    0.4377   0.03448   0.02651  0.006963
     12/49     1.06G   0.04034   0.02717  0.006044   0.07355         6       640    0.8112    0.6982    0.7607     0.437    0.0346   0.02714  0.006573
     13/49     1.06G   0.03856   0.02795  0.005358   0.07187        19       640    0.8147    0.6841    0.7428    0.4035   0.03752   0.02758   0.00656
     14/49     1.06G   0.04107     0.029  0.005632   0.07571         7       640     0.841    0.6903    0.7666    0.4065   0.03608   0.02699  0.006308
     15/49     1.06G   0.03594   0.02606  0.004965   0.06696         1       640    0.7951    0.6669    0.7241    0.4414   0.03372   0.02814  0.009202
     16/49     1.06G   0.03523   0.02706  0.005053   0.06734         6       640    0.8383    0.6904    0.7646    0.4556   0.03195   0.02665  0.006628
     17/49     1.06G   0.03366   0.02783  0.004517   0.06601        12       640    0.8063    0.7421    0.7908    0.4927   0.03047    0.0264  0.006289
     18/49     1.06G    0.0377    0.0267  0.004514   0.06891         9       640    0.8195    0.7342    0.7776     0.455   0.03528   0.02667  0.006305
     19/49     1.06G   0.03482    0.0247  0.004582   0.06411         1       640     0.806    0.7321    0.7749    0.4745   0.03013   0.02703  0.006327
     20/49     1.06G   0.03386   0.02577  0.003472    0.0631         4       640    0.8347    0.7099    0.7823    0.4523   0.03325   0.02657   0.00602
     21/49     1.06G   0.03233   0.02385  0.003688   0.05987         8       640    0.8377    0.6932    0.7745    0.4824   0.03099   0.02699  0.006678
     22/49     1.06G   0.03091   0.02474  0.003548    0.0592         2       640    0.8467    0.6943    0.7694    0.4894   0.02953   0.02654  0.006972
     23/49     1.06G   0.03181   0.02523   0.00382   0.06087         2       640    0.8359    0.7208    0.7986    0.5146   0.02803   0.02579  0.005426
     24/49     1.06G   0.03058     0.024  0.003399   0.05798         1       640    0.8392    0.7439    0.8002    0.5151    0.0285   0.02559  0.005418
     25/49     1.06G   0.03008   0.02381  0.002956   0.05684         2       640    0.8264    0.7327    0.7865    0.5167   0.02694   0.02565  0.005945
     26/49     1.06G   0.02966   0.02462  0.003418    0.0577        18       640    0.8309    0.7122    0.7888    0.5071   0.02823   0.02562  0.005892
     27/49     1.06G    0.0293   0.02358   0.00289   0.05577         1       640    0.8101    0.7411    0.7874     0.505   0.02802   0.02655  0.005452
     28/49     1.06G   0.02915   0.02354  0.002691   0.05538         9       640    0.8639     0.705    0.7857    0.5107    0.0277   0.02641   0.00555
     29/49     1.06G   0.02797    0.0226  0.002403   0.05297         2       640    0.8485    0.7292    0.7991    0.5198     0.027   0.02598  0.005472
     30/49     1.06G   0.02611   0.02215  0.002633   0.05089        12       640    0.8619    0.6975    0.7765    0.5086   0.02745   0.02712  0.006011
     31/49     1.06G   0.02632   0.02206  0.003009   0.05138         1       640    0.8531    0.7148    0.7996    0.5316   0.02628   0.02576  0.005718
     32/49     1.06G   0.02687   0.02295  0.002471   0.05229         8       640    0.8699    0.7171    0.7945    0.5325   0.02654   0.02638  0.005263
     33/49     1.06G   0.02615   0.02177  0.002539   0.05047         2       640    0.8662    0.7236    0.7963    0.5274    0.0262   0.02628   0.00501
     34/49     1.06G   0.02579    0.0235  0.002236   0.05153         6       640    0.8139    0.7533    0.7882    0.5248   0.02678   0.02636  0.004939
     35/49     1.06G   0.02614   0.02182  0.002228   0.05019         3       640    0.8151    0.7394    0.7817    0.5257   0.02625   0.02647  0.005495
     36/49     1.06G   0.02518   0.02209  0.002038   0.04931         3       640    0.8123    0.7507    0.7881    0.5306   0.02591   0.02661  0.005331
     37/49     1.06G   0.02532   0.02274  0.002176   0.05023         5       640    0.8166     0.748    0.7881    0.5401   0.02534   0.02609  0.005527
     38/49     1.06G   0.02412   0.02071  0.002225   0.04705         4       640    0.8327    0.7296    0.7804    0.5305   0.02563   0.02662  0.005868
     39/49     1.06G   0.02417   0.02115  0.001857   0.04718         3       640    0.8332    0.7447    0.7956    0.5395   0.02535   0.02616  0.005466
     40/49     1.06G   0.02437   0.02163  0.001954   0.04796        18       640    0.8558    0.7241    0.7895    0.5379    0.0255   0.02682  0.005516
     41/49     1.06G   0.02352   0.01977  0.001988   0.04527         1       640    0.8129    0.7406    0.7811    0.5302   0.02561   0.02721  0.005855
     42/49     1.06G   0.02379   0.02081  0.002079   0.04668         5       640    0.8313    0.7352    0.7898     0.534   0.02558   0.02712  0.005311
     43/49     1.06G   0.02431   0.02172  0.001624   0.04766         4       640    0.8361    0.7402    0.7956    0.5399   0.02547   0.02719  0.005827
     44/49     1.06G    0.0235   0.02036  0.001914   0.04578         3       640    0.8198    0.7523     0.794    0.5362   0.02565   0.02694  0.005309
     45/49     1.06G   0.02345   0.02033  0.001501   0.04528         7       640    0.8251    0.7447    0.7938    0.5367   0.02549   0.02735  0.005237
     46/49     1.06G   0.02341   0.02027  0.001914    0.0456        20       640    0.8107    0.7682    0.8061    0.5474   0.02538   0.02693  0.005249
     47/49     1.06G   0.02276   0.01925  0.001506   0.04352         4       640    0.8428    0.7293    0.7972     0.542   0.02586   0.02711  0.005385
     48/49     1.06G   0.02312   0.01913  0.001601   0.04385         9       640    0.8535    0.7294    0.7966    0.5401   0.02576   0.02721  0.005151
     49/49     1.06G   0.02301   0.02004   0.00166   0.04471         6       640    0.8437    0.7416    0.7962    0.5402    0.0256   0.02757  0.005164
