      0/24    0.883G    0.1069   0.05067   0.02687    0.1844         1       640    0.0406   0.07934   0.01733   0.00386   0.08253   0.05616    0.0223
      1/24     1.04G   0.07816    0.0493   0.01911    0.1466        11       640    0.6441    0.2662    0.1524   0.03825   0.06849    0.0378   0.01948
      2/24     1.04G   0.07102   0.03801   0.01742    0.1265         7       640    0.6905    0.3009    0.2122   0.06436   0.06068    0.0331   0.01859
      3/24     1.04G   0.06714   0.03413   0.01624    0.1175         2       640    0.6562    0.3122    0.1927   0.05185   0.06294   0.02997   0.01842
      4/24     1.04G   0.06188    0.0333   0.01688    0.1121        17       640    0.7194    0.3098    0.2583   0.09854    0.0602   0.02883     0.018
      5/24     1.04G    0.0595   0.03181   0.01582    0.1071         3       640    0.7669    0.3275    0.3386    0.1333   0.05155   0.02863   0.01717
      6/24     1.04G   0.06215   0.03167   0.01508    0.1089         5       640    0.1696     0.474    0.2022   0.05673   0.07664   0.02594   0.01568
      7/24     1.04G   0.06741   0.03105   0.01427    0.1127         6       640    0.3808    0.6646    0.5001    0.1975   0.05182   0.02986   0.01422
      8/24     1.04G   0.05456   0.03153   0.01251    0.0986         2       640    0.5183    0.6945    0.6179     0.254   0.04608   0.02791   0.01147
      9/24     1.04G   0.05071   0.03062     0.011   0.09234         8       640    0.5794    0.6689    0.6059    0.2359   0.04397   0.02755  0.009126
     10/24     1.04G    0.0441   0.02789  0.007862   0.07986        19       640    0.6354    0.6314    0.6388    0.3275   0.03744   0.02694  0.008069
     11/24     1.04G   0.04046   0.02717  0.007126   0.07475         2       640     0.779    0.7156    0.7586    0.4275    0.0346   0.02679  0.007077
     12/24     1.04G   0.03972   0.02716  0.006436   0.07331         6       640    0.8237    0.7211    0.7744    0.4302   0.03378   0.02639  0.006464
     13/24     1.04G   0.03826   0.02754  0.005313   0.07111        19       640    0.8213    0.7122    0.7755     0.472   0.03046     0.026  0.006607
     14/24     1.04G   0.03558   0.02836  0.005508   0.06945         7       640     0.814    0.7233    0.7783    0.4865   0.03191   0.02602  0.006807
     15/24     1.04G   0.03245   0.02555  0.004712   0.06271         1       640     0.749    0.7106    0.7406    0.4644   0.03133   0.02632  0.009857
     16/24     1.04G   0.03367   0.02654  0.005166   0.06537         6       640    0.8384    0.7194    0.7854    0.5007   0.02848   0.02584  0.006502
     17/24     1.04G   0.03104   0.02695  0.004283   0.06227        12       640    0.8635    0.7126    0.7964    0.5184   0.02835   0.02597  0.006148
     18/24     1.04G   0.03074   0.02559  0.003807   0.06014         9       640    0.8338    0.7298    0.7958    0.5135   0.02866   0.02597  0.005979
     19/24     1.04G   0.02928   0.02312  0.003859   0.05626         1       640    0.8038    0.7451    0.7946    0.5248   0.02739   0.02594  0.006205
     20/24     1.04G   0.02823   0.02442  0.003296   0.05595         4       640     0.817    0.7385    0.7955    0.5375   0.02678   0.02557  0.006036
     21/24     1.04G   0.02656   0.02233  0.003344   0.05223         8       640    0.7852    0.7646    0.7985    0.5275   0.02738   0.02559  0.006013
     22/24     1.04G   0.02723   0.02343  0.003322   0.05398         2       640    0.8403    0.7151    0.7938    0.5368   0.02665   0.02519  0.005955
     23/24     1.04G   0.02695    0.0241  0.003855   0.05491         2       640    0.8029    0.7345     0.797     0.539   0.02594   0.02522     0.006
     24/24     1.04G   0.02556   0.02286  0.003095   0.05152         1       640    0.8353    0.7119    0.7929    0.5365   0.02595   0.02554  0.005832
